param	 splines_n := 1;

param	 splines_nVariables := 
1	2
;

param	 splines_variablesY := 
1	p
;

param	 splines_variablesSigma := 
1	1	'sigma_1_v'
1	2	'sigma_1_q'
;

param	 splines_variablesX := 
1	1	'v'
1	2	'q'
;

param	 splines_nIntervals := 
1	1	10
1	2	10
;

param	 splines_nDegree := 
1	1	4
1	2	4
;

param	 splines_alpha := 
1	14.3708518791	
;

param	 splines_l
[1,1,*]	:=
1	15000.0000000000
2	16800.0000000000
3	18600.0000000000
4	20400.0000000000
5	22200.0000000000
6	24000.0000000000
7	25800.0000000000
8	27600.0000000000
9	29400.0000000000
10	31200.0000000000
11	33000.0000000000

[1,2,*]	:=
1	8.5000000000
2	11.8500000000
3	15.2000000000
4	18.5500000000
5	21.9000000000
6	25.2500000000
7	28.6000000000
8	31.9500000000
9	35.3000000000
10	38.6500000000
11	42.0000000000
;

param	 splines
[1,1,*,*]	:	1	2	3	4	5	:=
1	-0.0000000000     0.0000000003    -0.0000003269     0.0001233948    -1.2490677353
2	 0.0000000000    -0.0000000001     0.0000000960     0.0002825478    -1.1120724510
3	-0.0000000000     0.0000000000    -0.0000000500     0.0001317107    -0.6604495867
4	 0.0000000000    -0.0000000000     0.0000000149     0.0001757352    -0.4187483611
5	-0.0000000000     0.0000000000     0.0000000069     0.0001513979    -0.1200434957
6	 0.0000000000    -0.0000000000    -0.0000000403     0.0001784280     0.2023066599
7	-0.0000000000     0.0000000001     0.0000000089    -0.0000231587     0.3154983123
8	 0.0000000000    -0.0000000001    -0.0000000030     0.0001690230     0.4531536053
9	-0.0000000000     0.0000000001     0.0000000016    -0.0000248136     0.5804954675
10	 0.0000000000    -0.0000000001    -0.0000001557    -0.0000138209     0.6306683316

[1,2,*,*]	:	1	2	3	4	5	:=
1	-0.0131862122     0.1283377169    -0.2357172738     0.1215561039    -10.5262419899
2	 0.0040135064    -0.0483575268     0.1661831812     0.8800980802     -9.6001925410
3	-0.0004890540     0.0054234584    -0.0495605128     0.9690054662     -6.0994134997
4	 0.0003472805    -0.0011298651    -0.0279852069     0.7459996415     -3.2671347559
5	-0.0000259899     0.0035236931    -0.0159562216     0.5726835773     -1.0808395791
6	-0.0004195780     0.0031754290     0.0177068670     0.5805024357      0.7877829907
7	-0.0002119491    -0.0024469163     0.0213676433     0.7429504306      2.9977193646
8	 0.0000725275    -0.0052870341    -0.0174954577     0.7718588632      5.6077151235
9	 0.0004755423    -0.0043151658    -0.0657465124     0.4875448671      7.8074659485
10	 0.0100505577     0.0020571009    -0.0770932887    -0.0267248483      8.6005626794
;