param	 splines_n := 1;

param	 splines_nVariables := 
1	9
;

param	 splines_variablesY := 
1	y
;

param	 splines_variablesSigma := 
1	1	'sigma_1_x2'
1	2	'sigma_1_x3'
1	3	'sigma_1_x4'
1	4	'sigma_1_x5'
1	5	'sigma_1_x6'
1	6	'sigma_1_x7'
1	7	'sigma_1_x8'
1	8	'sigma_1_x9'
1	9	'sigma_1_x10'
;

param	 splines_variablesX := 
1	1	'x2'
1	2	'x3'
1	3	'x4'
1	4	'x5'
1	5	'x6'
1	6	'x7'
1	7	'x8'
1	8	'x9'
1	9	'x10'
;

param	 splines_nIntervals := 
1	1	10
1	2	10
1	3	10
1	4	10
1	5	10
1	6	10
1	7	10
1	8	10
1	9	10
;

param	 splines_nDegree := 
1	1	3
1	2	3
1	3	3
1	4	3
1	5	3
1	6	3
1	7	3
1	8	3
1	9	3
;

param	 splines_alpha := 
1	0.4646779947	
;

param	 splines_l
[1,1,*]	:=
1	0.0000001000
2	0.0400000900
3	0.0800000800
4	0.1200000700
5	0.1600000600
6	0.2000000500
7	0.2400000400
8	0.2800000300
9	0.3200000200
10	0.3600000100
11	0.4000000000

[1,2,*]	:=
1	0.0000001000
2	0.0400000900
3	0.0800000800
4	0.1200000700
5	0.1600000600
6	0.2000000500
7	0.2400000400
8	0.2800000300
9	0.3200000200
10	0.3600000100
11	0.4000000000

[1,3,*]	:=
1	0.0000001000
2	0.0400000900
3	0.0800000800
4	0.1200000700
5	0.1600000600
6	0.2000000500
7	0.2400000400
8	0.2800000300
9	0.3200000200
10	0.3600000100
11	0.4000000000

[1,4,*]	:=
1	0.0000001000
2	0.0100000900
3	0.0200000800
4	0.0300000700
5	0.0400000600
6	0.0500000500
7	0.0600000400
8	0.0700000300
9	0.0800000200
10	0.0900000100
11	0.1000000000

[1,5,*]	:=
1	0.0000001000
2	0.0100000900
3	0.0200000800
4	0.0300000700
5	0.0400000600
6	0.0500000500
7	0.0600000400
8	0.0700000300
9	0.0800000200
10	0.0900000100
11	0.1000000000

[1,6,*]	:=
1	0.0000001000
2	0.0100000900
3	0.0200000800
4	0.0300000700
5	0.0400000600
6	0.0500000500
7	0.0600000400
8	0.0700000300
9	0.0800000200
10	0.0900000100
11	0.1000000000

[1,7,*]	:=
1	0.0000001000
2	0.0500000900
3	0.1000000800
4	0.1500000700
5	0.2000000600
6	0.2500000500
7	0.3000000400
8	0.3500000300
9	0.4000000200
10	0.4500000100
11	0.5000000000

[1,8,*]	:=
1	0.0000001000
2	0.0500000900
3	0.1000000800
4	0.1500000700
5	0.2000000600
6	0.2500000500
7	0.3000000400
8	0.3500000300
9	0.4000000200
10	0.4500000100
11	0.5000000000

[1,9,*]	:=
1	0.0000001000
2	0.0500000900
3	0.1000000800
4	0.1500000700
5	0.2000000600
6	0.2500000500
7	0.3000000400
8	0.3500000300
9	0.4000000200
10	0.4500000100
11	0.5000000000
;

param	 splines
[1,1,*,*]	:	1	2	3	4	:=
1	-1091.6613613017    116.3104784323    -4.5219155300     0.1219715856
2	  240.6196006838    -14.6888521741    -0.4570514959     0.0573254074
3	 -185.0977734971     14.1854926894    -0.4771858703     0.0309408433
4	   93.3430732312     -8.0262345773    -0.2308156074     0.0227039415
5	   -6.4798358294      3.1749314101    -0.4248676856     0.0066033029
6	  -66.5350467760      2.3973513050    -0.2019764327    -0.0057262218
7	  113.0195634416     -5.5868523121    -0.3295564411    -0.0142277567
8	 -141.9538652917      7.9754919103    -0.2340108810    -0.0291157236
9	  157.6419954917     -9.0589676660    -0.2773499004    -0.0348004164
10	 -220.6514495361      9.8580670637    -0.2453859325    -0.0502996705

[1,2,*,*]	:	1	2	3	4	:=
1	-169.6002407633    23.9390118690    -1.7881490427     0.1012053691
2	   0.4686573084     3.5869880654    -0.6871093206     0.0571274178
3	 -46.9364549507     3.6432269283    -0.3979007931     0.0354122239
4	  43.8721982024    -1.9891462577    -0.3317375829     0.0223214255
5	 -58.1016664932     3.2755162105    -0.2802827976     0.0086771117
6	  47.2788016912    -3.6966820257    -0.2971294260    -0.0010118780
7	   8.0775595294     1.9767727589    -0.3659257795    -0.0157858993
8	 -61.8146293270     2.9460796601    -0.1690117319    -0.0267431286
9	   7.2890913726    -4.4716740047    -0.2300354905    -0.0327460044
10	1342.7537559066    -3.5969832586    -0.5527817003    -0.0486355950

[1,3,*,*]	:	1	2	3	4	:=
1	-1132.1964481196    124.4174938466    -4.7808630202     0.1173123988
2	  147.8277370257    -11.4460459618    -0.2620062346     0.0526852981
3	  -65.0467476750      6.2932780464    -0.4681168997     0.0333523550
4	   16.0925342791     -1.5123297232    -0.2768790145     0.0205339348
5	    1.8343078165      0.4187739075    -0.3206212362     0.0080689721
6	  -11.0004973006      0.6388907905    -0.2783146589    -0.0039684407
7	    1.1815522767     -0.6811685556    -0.2800057691    -0.0147828308
8	   33.9638645736     -0.5393823178    -0.3288277918    -0.0269973086
9	 -110.2359327723      3.5362804121    -0.2089518980    -0.0388397425
10	  532.9335008430     -9.6920282135    -0.4551817485    -0.0485948650

[1,4,*,*]	:	1	2	3	4	:=
1	-35552.6590141124     1240.6366435787    -9.4432751047    -0.1771416008
2	-11810.7836539180      174.0579397350     4.7036565815    -0.1830633935
3	 11106.4709283292     -180.2652155590     4.6415838853    -0.1304318638
4	 -9975.6780902390      152.9285790968     4.3682177940    -0.0909361192
5	  8492.0960556115     -146.3414643401     4.4340888757    -0.0419368058
6	 -4364.7660049692      108.4211625654     4.0548862372    -0.0037380080
7	 -3099.0556871362      -22.5216866407     4.9138801374     0.0432881555
8	 12958.9112275498     -115.4932642831     3.5337320084     0.0870756972
9	-42726.3394269934      273.2736837760     5.1115346255     0.1238225509
10	 81725.9743251386    -1008.5152172436    -2.2408733568     0.1595389486

[1,5,*,*]	:	1	2	3	4	:=
1	360059.7970844212    -11070.5824147036    119.6406900565    -0.6272801079
2	 11338.1146409017      -268.7993039649      6.2469862637    -0.1778717142
3	 -4139.3491256540        71.3437951187      4.2724331498    -0.1309437100
4	  3595.1794252454       -52.8365544704      4.4575053712    -0.0852243927
5	 -4020.9967736187        55.0187204316      4.4793270090    -0.0423378598
6	  3556.1675986156       -65.6110621471      4.3734036977     0.0039362418
7	 -2310.9195234284        41.0738591264      4.1280319129     0.0446652989
8	   165.0655436879       -28.2536572489      4.2562338035     0.0877420418
9	 11133.5388992116       -23.3016958902      3.7406807876     0.1276440423
10	-70012.3250268222       310.7041370799      6.6147023255     0.1738541533

[1,6,*,*]	:	1	2	3	4	:=
1	 -6464.1519240626     662.8502581596    -9.5967949214    -0.1401577821
2	-20038.2914512531     468.9258943623     1.7209552861    -0.1763048746
3	  6343.6253625019    -132.2222480265     5.0879883824    -0.1322410746
4	 -4211.9131694308      58.0863225397     4.3466298689    -0.0882398337
5	  4451.8275195415     -68.2709461858     4.2447837343    -0.0431768584
6	 -2466.0317014884      65.2837458456     4.2149117607    -0.0031043303
7	 -1966.8488733317      -8.6971312181     4.7807773411     0.0431070824
8	  4614.2838114801     -67.7025384125     4.0167814088     0.0880782536
9	 -4885.7425276877      70.7258375033     4.0470143695     0.1260900572
10	-36808.9218376651     -75.8462917550     3.9958098782     0.1687470022

[1,7,*,*]	:	1	2	3	4	:=
1	-302.4700788018    44.4526058687    -2.5202465078     0.0648103936
2	  35.5665933527    -0.9178968775    -0.3435114936     0.0121208265
3	 -32.9819892893     4.4170910584    -0.1685518195    -0.0029036645
4	   2.4382803372    -0.5302063455     0.0257923772    -0.0044112768
5	  -0.8336120991    -0.1644643681    -0.0089411515    -0.0041423886
6	  14.6444120320    -0.2895061579    -0.0316396733    -0.0051048083
7	 -32.0445981548     1.9071552076     0.0492427631    -0.0055800064
8	  44.1066408428    -2.8995335543    -0.0003761444    -0.0023555550
9	 -58.8138898475     3.7164612489     0.0404702322    -0.0041098664
10	 294.3391897068    -5.1056204638    -0.0289877147    -0.0001469376

[1,8,*,*]	:	1	2	3	4	:=
1	 618.9658629434    -72.2743448477     1.7838315997     0.0248748178
2	-168.4986633687     20.5705160248    -0.8013593244     0.0107512765
3	  45.2903683825     -4.7042784255    -0.0080476031     0.0010472675
4	  -5.5996007064      2.0892754732    -0.1387977246    -0.0054545112
5	 -15.5689506817      1.2493355352     0.0281327924    -0.0078711592
6	  15.0706802127     -1.0860066000     0.0362992376    -0.0052872999
7	 -14.8328679124      1.1745949798     0.0407286557    -0.0043035199
8	   0.8331452361     -1.0503347621     0.0469416653    -0.0011847086
9	  17.7971022981     -0.9253630017    -0.0518432031    -0.0013593186
10	  92.8663523594      1.7442018091    -0.0109012710    -0.0040402484

[1,9,*,*]	:	1	2	3	4	:=
1	  69.3465447974    -3.2713154459    -0.7131880352     0.0497280367
2	 -44.0004948154     7.1306641933    -0.5202206364     0.0145586696
3	   2.3392661254     0.5305912911    -0.1371579388     0.0008742378
4	   2.7731340729     0.8814811397    -0.0665543314    -0.0043647720
5	 -19.5325312087     1.2974511674     0.0423922622    -0.0051421444
6	  12.3446977431    -1.6324279279     0.0256434275    -0.0022204700
7	  11.5288657384     0.2192763632    -0.0450141366    -0.0034762808
8	 -45.5494588147     1.9486058781     0.0633799538    -0.0037376891
9	  93.7211062483    -4.8838115776    -0.0833803019    -0.0013908583
10	-265.5317339168     9.1743515480     0.1311466538    -0.0060542653
;