param	 splines_n := 1;

param	 splines_nVariables := 
1	6
;

param	 splines_variablesY := 
1	y
;

param	 splines_variablesSigma := 
1	1	'sigma_1_x2'
1	2	'sigma_1_x3'
1	3	'sigma_1_x4'
1	4	'sigma_1_x5'
1	5	'sigma_1_x6'
1	6	'sigma_1_x7'
;

param	 splines_variablesX := 
1	1	'x2'
1	2	'x3'
1	3	'x4'
1	4	'x5'
1	5	'x6'
1	6	'x7'
;

param	 splines_nIntervals := 
1	1	10
1	2	10
1	3	10
1	4	10
1	5	10
1	6	10
;

param	 splines_nDegree := 
1	1	3
1	2	3
1	3	3
1	4	3
1	5	3
1	6	3
;

param	 splines_alpha := 
1	-1.0841453922	
;

param	 splines_l
[1,1,*]	:=
1	0.0000001000
2	0.0080000900
3	0.0160000800
4	0.0240000700
5	0.0320000600
6	0.0400000500
7	0.0480000400
8	0.0560000300
9	0.0640000200
10	0.0720000100
11	0.0800000000

[1,2,*]	:=
1	0.0000001000
2	0.0080000900
3	0.0160000800
4	0.0240000700
5	0.0320000600
6	0.0400000500
7	0.0480000400
8	0.0560000300
9	0.0640000200
10	0.0720000100
11	0.0800000000

[1,3,*]	:=
1	0.0000001000
2	0.0300000900
3	0.0600000800
4	0.0900000700
5	0.1200000600
6	0.1500000500
7	0.1800000400
8	0.2100000300
9	0.2400000200
10	0.2700000100
11	0.3000000000

[1,4,*]	:=
1	0.0000001000
2	0.0300000900
3	0.0600000800
4	0.0900000700
5	0.1200000600
6	0.1500000500
7	0.1800000400
8	0.2100000300
9	0.2400000200
10	0.2700000100
11	0.3000000000

[1,5,*]	:=
1	0.0000001000
2	0.0620000900
3	0.1240000800
4	0.1860000700
5	0.2480000600
6	0.3100000500
7	0.3720000400
8	0.4340000300
9	0.4960000200
10	0.5580000100
11	0.6200000000

[1,6,*]	:=
1	0.0000001000
2	0.0620000900
3	0.1240000800
4	0.1860000700
5	0.2480000600
6	0.3100000500
7	0.3720000400
8	0.4340000300
9	0.4960000200
10	0.5580000100
11	0.6200000000
;

param	 splines
[1,1,*,*]	:	1	2	3	4	:=
1	 -66069.1786466285      506.6099453286      5.3201138060     0.0209455536
2	  67284.5132163256    -1079.0483601151      0.7406122121     0.0621020737
3	 -28668.4396535024      535.7779385413     -3.6055457278     0.0334175832
4	   6535.0828446248     -152.2637530896     -0.5374360794     0.0241847697
5	  -2465.9495319222        4.5780391289     -1.7189203142     0.0134863805
6	  11168.9080678664      -54.6046756587     -2.1191329062    -0.0012345325
7	 -22960.1748697883      213.4487829028     -0.8483816367    -0.0159638056
8	  39632.7940169674     -337.5947251669     -1.8415479333    -0.0208457277
9	-172660.9447752201      613.5911422565      0.3664206434    -0.0368921867
10	 416341.9582302073    -3530.2663525204    -22.9669518719    -0.0830931625

[1,2,*,*]	:	1	2	3	4	:=
1	527452.8289534762    -12649.0604831797    100.0933464769    -0.2097987693
2	 -3535.4797508863         9.7915881189     -1.0206782909     0.0514639903
3	  3217.9864132659       -75.0598198380     -1.5428234920     0.0421150754
4	 -1530.5056980306         2.1717575408     -2.1259272615     0.0266162893
5	  8512.4061152283       -34.5603332968     -2.3850355436     0.0089642686
6	-10482.3797641854       169.7371580965     -1.3036222970    -0.0079695121
7	   241.5578695152       -81.8396417725     -0.6004430454    -0.0129022848
8	 11635.7920930097       -76.0422601509     -1.8634966820    -0.0228198700
9	-27445.4673520547       203.2164010076     -0.8461048268    -0.0366370141
10	 85407.6228545948      -455.4739920777     -2.8641630328    -0.0444520537

[1,3,*,*]	:	1	2	3	4	:=
1	 8421.2978719653    -666.6273511846    12.0529832206     0.3727189834
2	-1187.0035559436      91.2892046533    -5.2071554219     0.3617189586
3	  295.3751600808     -15.5410797715    -2.9347124330     0.2556155134
4	 -151.4184143218      11.0426757745    -3.0696645079     0.1615623287
5	  102.5433547523      -2.5849769719    -2.8159336284     0.0753225326
6	 -141.3822769788       6.6439218795    -2.6941653217    -0.0087132580
7	  146.6642462675      -6.0804788071    -2.6772620352    -0.0873759827
8	  -94.6072176184       7.1192989571    -2.6460974411    -0.1692063135
9	  -70.2760394001      -1.3953477904    -2.4743789633    -0.2447362379
10	  455.3833756684      -7.7201892281    -2.7478449827    -0.3221208454

[1,4,*,*]	:	1	2	3	4	:=
1	-2607.0432807911    249.9347120719    -11.4995743495     0.5437361869
2	 -259.3187958279     15.3008950120     -3.5425087893     0.3533000641
3	  257.4727475916     -8.0377888330     -3.3246156766     0.2537940317
4	 -277.0627938091     15.1347507261     -3.1117068908     0.1537733467
5	  331.0602531446     -9.8008924049     -2.9516911945     0.0665627498
6	 -454.1663282980     19.9945204463     -2.6458824552    -0.0218701359
7	  440.3150849713    -20.8804354755     -2.6724598972    -0.0955140053
8	 -255.8527306906     18.7479089625     -2.7364356712    -0.1825916595
9	  -88.7834755568     -4.2788291241     -2.3023634208    -0.2547196123
10	 1635.4910308857    -12.2693392607     -2.7988083068    -0.3300385870

[1,5,*,*]	:	1	2	3	4	:=
1	  7.4522216113      7.8343079728    -2.0297101609     0.1962364563
2	-61.4932765850      9.2204209689    -0.9723171370     0.1022855890
3	 29.5295239261     -2.2173266311    -0.5381253581     0.0627896605
4	-25.5918090715      3.2751639333    -0.4725394560     0.0279402018
5	 18.7717429965     -1.4849117863    -0.3615438408     0.0051332446
6	-11.3732949014      2.0066318479    -0.3291972022    -0.0185166392
7	 -8.2692086013     -0.1088006625    -0.2115316876    -0.0339239454
8	 42.7466164849     -1.6468732143    -0.3203834504    -0.0494279205
9	-99.5409614424      6.3039961695    -0.0316418738    -0.0654345591
10	286.0992419559    -12.2106196726    -0.3978524719    -0.0668871883

[1,6,*,*]	:	1	2	3	4	:=
1	327.5379346385    -49.1701209135     0.9858847556     0.1603061949
2	-62.1435507863     11.7519251031    -1.3340430105     0.1104825791
3	 11.1047842883      0.1932265212    -0.5934437292     0.0581357704
4	-13.9583598295      2.2587160657    -0.4414233134     0.0247316073
5	  3.1605528543     -0.3375384439    -0.3223103200     0.0027192017
6	  9.0966109451      0.2503242922    -0.3277175966    -0.0178082844
7	-28.0935960941      1.9422936551    -0.1917753058    -0.0349965498
8	 52.4795903310     -3.2831143756    -0.2749061770    -0.0461159298
9	-89.2248527945      6.4780878516    -0.0768178535    -0.0632730478
10	325.3212292698    -10.1177320915    -0.3024757599    -0.0643987627
;