param	 splines_n := 1;

param	 splines_nVariables := 
1	9
;

param	 splines_variablesY := 
1	y
;

param	 splines_variablesSigma := 
1	1	'sigma_1_x2'
1	2	'sigma_1_x3'
1	3	'sigma_1_x4'
1	4	'sigma_1_x5'
1	5	'sigma_1_x6'
1	6	'sigma_1_x7'
1	7	'sigma_1_x8'
1	8	'sigma_1_x9'
1	9	'sigma_1_x10'
;

param	 splines_variablesX := 
1	1	'x2'
1	2	'x3'
1	3	'x4'
1	4	'x5'
1	5	'x6'
1	6	'x7'
1	7	'x8'
1	8	'x9'
1	9	'x10'
;

param	 splines_nIntervals := 
1	1	10
1	2	10
1	3	10
1	4	10
1	5	10
1	6	10
1	7	10
1	8	10
1	9	10
;

param	 splines_nDegree := 
1	1	3
1	2	3
1	3	3
1	4	3
1	5	3
1	6	3
1	7	3
1	8	3
1	9	3
;

param	 splines_alpha := 
1	-206.5015237910	
;

param	 splines_l
[1,1,*]	:=
1	0.0000001000
2	4.0307070900
3	8.0614140800
4	12.0921210700
5	16.1228280600
6	20.1535350500
7	24.1842420400
8	28.2149490300
9	32.2456560200
10	36.2763630100
11	40.3070700000

[1,2,*]	:=
1	0.0000001000
2	4.0307070900
3	8.0614140800
4	12.0921210700
5	16.1228280600
6	20.1535350500
7	24.1842420400
8	28.2149490300
9	32.2456560200
10	36.2763630100
11	40.3070700000

[1,3,*]	:=
1	0.0000001000
2	4.0307070900
3	8.0614140800
4	12.0921210700
5	16.1228280600
6	20.1535350500
7	24.1842420400
8	28.2149490300
9	32.2456560200
10	36.2763630100
11	40.3070700000

[1,4,*]	:=
1	0.0000001000
2	0.5149790900
3	1.0299580800
4	1.5449370700
5	2.0599160600
6	2.5748950500
7	3.0898740400
8	3.6048530300
9	4.1198320200
10	4.6348110100
11	5.1497900000

[1,5,*]	:=
1	0.0000001000
2	0.5149790900
3	1.0299580800
4	1.5449370700
5	2.0599160600
6	2.5748950500
7	3.0898740400
8	3.6048530300
9	4.1198320200
10	4.6348110100
11	5.1497900000

[1,6,*]	:=
1	0.0000001000
2	0.5149790900
3	1.0299580800
4	1.5449370700
5	2.0599160600
6	2.5748950500
7	3.0898740400
8	3.6048530300
9	4.1198320200
10	4.6348110100
11	5.1497900000

[1,7,*]	:=
1	0.0000001000
2	5.4543140900
3	10.9086280800
4	16.3629420700
5	21.8172560600
6	27.2715700500
7	32.7258840400
8	38.1801980300
9	43.6345120200
10	49.0888260100
11	54.5431400000

[1,8,*]	:=
1	0.0000001000
2	5.4543140900
3	10.9086280800
4	16.3629420700
5	21.8172560600
6	27.2715700500
7	32.7258840400
8	38.1801980300
9	43.6345120200
10	49.0888260100
11	54.5431400000

[1,9,*]	:=
1	0.0000001000
2	5.4543140900
3	10.9086280800
4	16.3629420700
5	21.8172560600
6	27.2715700500
7	32.7258840400
8	38.1801980300
9	43.6345120200
10	49.0888260100
11	54.5431400000
;

param	 splines
[1,1,*,*]	:	1	2	3	4	:=
1	-0.0661165688     0.6592567145    -4.0579002525     25.9264582713
2	 0.0374895798    -0.1402328336    -1.9658670677     15.9512687435
3	-0.0406964735     0.3130957004    -1.2691075023      8.2041436318
4	 0.0187697587    -0.1790109805    -0.7286512849      5.5104634497
5	 0.0075401724     0.0479552125    -1.2568986852      0.8943069300
6	-0.0289872865     0.1391318898    -0.5028053943     -2.8990039866
7	 0.0412381689    -0.2113858857    -0.7940400810     -4.5634857670
8	-0.0509455279     0.2872710410    -0.4881692554     -8.4978373421
9	 0.0631676592    -0.3287684459    -0.6554331355     -9.1345093487
10	-0.1787188904     0.4350625303    -0.2269928263    -12.9811855035

[1,2,*,*]	:	1	2	3	4	:=
1	 0.0269140341    -0.1320514240    -2.4269037882     25.9482477237
2	-0.0102893470     0.1933963317    -2.1796404399     15.7831961919
3	-0.0077147022     0.0689763026    -1.1220932286      9.4659360869
4	 0.0031766110    -0.0243108099    -0.9420597147      5.5585379540
5	 0.0026991769     0.0141011552    -0.9832118414      1.5744245636
6	-0.0092069678     0.0467399283    -0.7379792610     -1.9827621159
7	 0.0198439877    -0.0645918405    -0.8099350885     -4.8008962791
8	-0.0321657640     0.1753640594    -0.3634447315     -7.8154159414
9	 0.0259920009    -0.2135882502    -0.5175152443     -8.5376696841
10	 0.0558341468     0.1007101684    -0.9724937175    -12.3916111732

[1,3,*,*]	:	1	2	3	4	:=
1	 0.0028775259    -0.1834931919    -0.6077241748     23.0339097921
2	 0.0335825197    -0.1486978003    -1.9466887292     17.7916470236
3	-0.0320415909     0.2573860904    -1.5085980787      9.7284423346
4	 0.0170865462    -0.1300647031    -0.9954028729      5.7311215340
5	 0.0008255022     0.0765478808    -1.2111135026      0.7247524174
6	-0.0210016589     0.0865299527    -0.5537945395     -2.8591902931
7	 0.0301493409    -0.1674246472    -0.8798573502     -5.0608558884
8	-0.0271496388     0.1971448299    -0.7600640020     -9.3530461245
9	 0.0178408576    -0.1311518864    -0.4940657833    -10.9916101289
10	-0.0197968707     0.0845819220    -0.6817756644    -13.9455030734

[1,4,*,*]	:	1	2	3	4	:=
1	 71.3984595119    -106.0605424038    51.6759888420    -11.9380918883
2	 -3.1666128232       4.2455772972    -0.7565790555     -3.7024710415
3	  2.8535763958      -0.6466399229     1.0967980786     -3.3986294762
4	 -5.4898448277       3.7619557476     2.7011202755     -2.6155677947
5	  4.9218822787      -4.7195084863     2.2080007333     -0.9766352363
6	 -0.6045837748       2.8844894080     1.2630044617     -0.4189888268
7	 -4.1834108332       1.9504455829     3.7528944000      0.9138376982
8	  1.5465188681      -4.5126604740     2.4334075632      2.7924183739
9	 15.4917258310      -2.1233863000    -0.9840171020      3.0600139353
10	-94.5023586924      21.8103536654     9.1543574680      4.1059060401

[1,5,*,*]	:	1	2	3	4	:=
1	 24.2406400205    -39.6588542704    20.8386991508    -7.2402494835
2	  7.1195844878     -2.2085933262    -0.7221567263    -3.7157736402
3	-13.1831295384      8.7907159600     2.6674981397    -3.7010442924
4	 17.3999060225    -11.5763882442     1.2329354403    -1.7964862078
5	-20.8064474329     15.3053698446     3.1532826186    -1.8552698967
6	 18.5254030251    -16.8392800089     2.3633511115     0.9860168618
7	 -8.2252803383     11.7813000088    -0.2414023204     0.2673507195
8	 -4.6494918018     -0.9262396745     5.3487256869     2.1441132045
9	 11.8813963226     -8.1094114508     0.6955551964     4.0179522520
10	-20.3243067669     10.2465969833     1.7961608434     3.8481971042

[1,6,*,*]	:	1	2	3	4	:=
1	  5.3371496094     -6.3731657796     0.0169950439     7.5510367085
2	 -4.7766890802      1.8723939665    -2.3008078787     6.5985205365
3	  7.8997721171     -5.5072895877    -4.1727027545     5.2578456986
4	 -9.0090385641      6.6973604105    -3.5598412841     2.7273444742
5	  9.0720807224     -7.2210363314    -3.8295233810     1.4398616289
6	 -4.0123463592      6.7947565715    -4.0490485011    -1.2082937618
7	 -1.2673970666      0.5959343448    -0.2429979577    -2.0394592231
8	 -6.2806834377     -1.3621142391    -0.6375645058    -2.1796479632
9	 27.0503027563    -11.0653742788    -7.0374599909    -3.7269966172
10	-99.0030338002     30.7256384991     3.0871630203    -6.5913427579

[1,7,*,*]	:	1	2	3	4	:=
1	-0.0201266974     0.2866670988    -4.5324119085     82.2185797682
2	 0.0067535932    -0.0426648829    -3.2015472086     62.7597716176
3	-0.0045564921     0.0678437699    -3.0642136528     45.1241277704
4	 0.0000094816    -0.0067138458    -2.7307918525     29.6899137796
5	-0.0012450329    -0.0065586987    -2.8031844777     14.5971222611
6	 0.0070189920    -0.0269310993    -2.9858483512     -1.0894675176
7	-0.0123991152     0.0879202594    -2.6531943220    -17.0374847247
8	 0.0144405933    -0.1149657425    -2.8007088788    -30.9051740799
9	-0.0147343687     0.1213248473    -2.7660243244    -47.2581189097
10	 0.0339761647    -0.1197727721    -2.7575588190    -61.1263733936

[1,8,*,*]	:	1	2	3	4	:=
1	 0.0627109485    -0.7534663082    -1.2413520848     80.5382881467
2	-0.0205455340     0.2726693037    -3.8637699127     61.5279750542
3	 0.0038978847    -0.0635160772    -2.7229825435     45.2317604870
4	 0.0034575702     0.0002647837    -3.0679749585     29.1226683370
5	-0.0063125966     0.0568408043    -2.7565031507     12.9578836778
6	 0.0052514045    -0.0464518480    -2.6998385210     -1.4102651786
7	-0.0034469653     0.0394765795    -2.7378838256    -16.6658429273
8	-0.0025718028    -0.0169259139    -2.6148854149    -30.9840269546
9	 0.0103801244    -0.0590081736    -3.0290537711    -46.1672805323
10	-0.0189443568     0.1108411991    -2.7463401754    -62.7598433479

[1,9,*,*]	:	1	2	3	4	:=
1	 0.0387843899    -0.4470084324    -0.2991383704     26.1955886450
2	-0.0160286825     0.1876182888    -1.7139336593     17.5589828901
3	 0.0104047610    -0.0746581133    -1.0978133937     11.1913410137
4	-0.0070497037     0.0955943875    -0.9836203804      4.6707887086
5	 0.0040607738    -0.0197595049    -0.5699931194      1.0057950127
6	-0.0079146949     0.0466867015    -0.4231237343     -2.0320479198
7	 0.0126660944    -0.0828209916    -0.6202114983     -4.2352544906
8	-0.0170156003     0.1244335763    -0.3932433954     -8.0267264742
9	 0.0207297019    -0.1539917032    -0.5544627004     -9.2307657328
10	-0.0352090251     0.1852072068    -0.3842035429    -13.4724912634
;